Optimal solution found.
NMOS: 2 ['net25', 'A', 'VSS', 'B', 'net25', 'CI', 'CON', 'A', 'net36', 'B', 'VSS', 'A', 'net067']
PMOS: 2 ['net27', 'A', 'VDD', 'B', 'net27', 'CI', 'CON', 'A', 'net37', 'B', 'VDD', 'A', 'net027']
PMOS: 1 ['VDD', 'A', 'net082', 'B', 'net081', 'CI', 'SN', 'CON', 'net027', 'B', 'VDD', 'CI', 'net027']
NMOS: 1 ['VSS', 'A', 'net079', 'B', 'net080', 'CI', 'SN', 'CON', 'net067', 'B', 'VSS', 'CI', 'net067']

t_n_c_r and ut_n_c_r values:
  Net net027: Via positions [], []
  Net net027, H 2, Row 13: [0, 0, 0, 0, 0, 0, 0, 0, 0, 0, 0, 0, 0]
  Net net027, H 2, Row 12: [0, 0, 0, 0, 0, 0, 0, 0, 0, 0, 0, 0, 0]
  Net net027, H 2, Row 11: [0, 0, 0, 0, 0, 0, 0, 0, 0, 0, 0, 0, 0]
  Net net027, H 2, Row 10: [0, 0, 0, 0, 0, 0, 0, 0, 0, 0, 0, 0, 0]
  Net net027, H 1, Row 3: [0, 0, 0, 0, 0, 0, 0, 0, 1, 1, 1, 1, 1]
  Net net027, H 1, Row 2: [0, 0, 0, 0, 0, 0, 0, 0, 0, 0, 0, 0, 0]
  Net net027, H 1, Row 1: [0, 0, 0, 0, 0, 0, 0, 0, 0, 0, 0, 0, 0]
  Net net027, H 1, Row 0: [0, 0, 0, 0, 0, 0, 0, 0, 0, 0, 0, 0, 0]
  Net net027, H 2, Row 17: [0, 0, 0, 0, 0, 0, 0, 0, 0, 0, 0, 0, 0]
  Net net027, H 2, Row 15: [0, 0, 0, 0, 0, 0, 0, 0, 0, 0, 0, 0, 0]
  Net net027, H 1, Row 7: [0, 0, 0, 0, 0, 0, 0, 0, 0, 0, 0, 0, 0]
  Net net027, H 1, Row 5: [0, 0, 0, 0, 0, 0, 0, 0, 0, 0, 0, 0, 0]
  Net A: Via positions [], []
  Net A, H 2, Row 13: [0, 0, 0, 0, 0, 0, 0, 0, 0, 0, 0, 0, 0]
  Net A, H 2, Row 12: [0, 0, 0, 0, 0, 0, 0, 0, 0, 0, 0, 0, 0]
  Net A, H 2, Row 11: [0, 0, 0, 0, 0, 0, 0, 0, 0, 0, 0, 0, 0]
  Net A, H 2, Row 10: [0, 1, 1, 1, 1, 1, 1, 1, 1, 1, 1, 1, 0]
  Net A, H 1, Row 3: [0, 0, 0, 0, 0, 0, 0, 0, 0, 0, 0, 0, 0]
  Net A, H 1, Row 2: [0, 0, 0, 0, 0, 0, 0, 0, 0, 0, 0, 0, 0]
  Net A, H 1, Row 1: [0, 0, 0, 0, 0, 0, 0, 0, 0, 0, 0, 0, 0]
  Net A, H 1, Row 0: [0, 0, 0, 0, 0, 0, 0, 0, 0, 0, 0, 0, 0]
  Net A, H 2, Row 17: [0, 0, 0, 0, 0, 0, 0, 0, 0, 0, 0, 0, 0]
  Net A, H 2, Row 15: [0, 0, 0, 0, 0, 0, 0, 0, 0, 0, 0, 0, 0]
  Net A, H 1, Row 7: [0, 0, 0, 0, 0, 0, 0, 0, 0, 0, 0, 0, 0]
  Net A, H 1, Row 5: [0, 0, 0, 0, 0, 0, 0, 0, 0, 0, 0, 0, 0]
  Net B: Via positions [], []
  Net B, H 2, Row 13: [0, 0, 0, 0, 0, 0, 0, 0, 0, 0, 0, 0, 0]
  Net B, H 2, Row 12: [0, 0, 0, 1, 1, 1, 1, 1, 1, 1, 0, 0, 0]
  Net B, H 2, Row 11: [0, 0, 0, 0, 0, 0, 0, 0, 0, 0, 0, 0, 0]
  Net B, H 2, Row 10: [0, 0, 0, 0, 0, 0, 0, 0, 0, 0, 0, 0, 0]
  Net B, H 1, Row 3: [0, 0, 0, 0, 0, 0, 0, 0, 0, 0, 0, 0, 0]
  Net B, H 1, Row 2: [0, 0, 0, 0, 0, 0, 0, 0, 0, 0, 0, 0, 0]
  Net B, H 1, Row 1: [0, 0, 0, 0, 0, 0, 0, 0, 0, 0, 0, 0, 0]
  Net B, H 1, Row 0: [0, 0, 0, 0, 0, 0, 0, 0, 0, 0, 0, 0, 0]
  Net B, H 2, Row 17: [0, 0, 0, 0, 0, 0, 0, 0, 0, 0, 0, 0, 0]
  Net B, H 2, Row 15: [0, 0, 0, 0, 0, 0, 0, 0, 0, 0, 0, 0, 0]
  Net B, H 1, Row 7: [0, 0, 0, 0, 0, 0, 0, 0, 0, 0, 0, 0, 0]
  Net B, H 1, Row 5: [0, 0, 0, 0, 0, 0, 0, 0, 0, 0, 0, 0, 0]
  Net net25: Via positions [], []
  Net net25, H 2, Row 13: [1, 1, 1, 1, 1, 0, 0, 0, 0, 0, 0, 0, 0]
  Net net25, H 2, Row 12: [0, 0, 0, 0, 0, 0, 0, 0, 0, 0, 0, 0, 0]
  Net net25, H 2, Row 11: [0, 0, 0, 0, 0, 0, 0, 0, 0, 0, 0, 0, 0]
  Net net25, H 2, Row 10: [0, 0, 0, 0, 0, 0, 0, 0, 0, 0, 0, 0, 0]
  Net net25, H 1, Row 3: [0, 0, 0, 0, 0, 0, 0, 0, 0, 0, 0, 0, 0]
  Net net25, H 1, Row 2: [0, 0, 0, 0, 0, 0, 0, 0, 0, 0, 0, 0, 0]
  Net net25, H 1, Row 1: [0, 0, 0, 0, 0, 0, 0, 0, 0, 0, 0, 0, 0]
  Net net25, H 1, Row 0: [0, 0, 0, 0, 0, 0, 0, 0, 0, 0, 0, 0, 0]
  Net net25, H 2, Row 17: [0, 0, 0, 0, 0, 0, 0, 0, 0, 0, 0, 0, 0]
  Net net25, H 2, Row 15: [0, 0, 0, 0, 0, 0, 0, 0, 0, 0, 0, 0, 0]
  Net net25, H 1, Row 7: [0, 0, 0, 0, 0, 0, 0, 0, 0, 0, 0, 0, 0]
  Net net25, H 1, Row 5: [0, 0, 0, 0, 0, 0, 0, 0, 0, 0, 0, 0, 0]
  Net net067: Via positions [], [32]
  Net net067, H 2, Row 13: [0, 0, 0, 0, 0, 0, 0, 0, 0, 1, 1, 1, 1]
  Net net067, H 2, Row 12: [0, 0, 0, 0, 0, 0, 0, 0, 0, 0, 0, 0, 0]
  Net net067, H 2, Row 11: [0, 0, 0, 0, 0, 0, 0, 0, 0, 0, 0, 0, 0]
  Net net067, H 2, Row 10: [0, 0, 0, 0, 0, 0, 0, 0, 0, 0, 0, 0, 0]
  Net net067, H 1, Row 3: [0, 0, 0, 0, 0, 0, 0, 0, 0, 0, 0, 0, 0]
  Net net067, H 1, Row 2: [0, 0, 0, 0, 0, 0, 0, 0, 0, 0, 0, 0, 0]
  Net net067, H 1, Row 1: [0, 0, 0, 0, 0, 0, 0, 0, 1, 1, 1, 1, 1]
  Net net067, H 1, Row 0: [0, 0, 0, 0, 0, 0, 0, 0, 0, 0, 0, 0, 0]
  Net net067, H 2, Row 17: [0, 0, 0, 0, 0, 0, 0, 0, 0, 0, 0, 0, 0]
  Net net067, H 2, Row 15: [0, 0, 0, 0, 0, 0, 0, 0, 0, 0, 0, 0, 0]
  Net net067, H 1, Row 7: [0, 0, 0, 0, 0, 0, 0, 0, 0, 0, 0, 0, 0]
  Net net067, H 1, Row 5: [0, 0, 0, 0, 0, 0, 0, 0, 0, 0, 0, 0, 0]
  Net net081: Via positions [], []
  Net net081, H 2, Row 13: [0, 0, 0, 0, 0, 0, 0, 0, 0, 0, 0, 0, 0]
  Net net081, H 2, Row 12: [0, 0, 0, 0, 0, 0, 0, 0, 0, 0, 0, 0, 0]
  Net net081, H 2, Row 11: [0, 0, 0, 0, 0, 0, 0, 0, 0, 0, 0, 0, 0]
  Net net081, H 2, Row 10: [0, 0, 0, 0, 0, 0, 0, 0, 0, 0, 0, 0, 0]
  Net net081, H 1, Row 3: [0, 0, 0, 0, 0, 0, 0, 0, 0, 0, 0, 0, 0]
  Net net081, H 1, Row 2: [0, 0, 0, 0, 0, 0, 0, 0, 0, 0, 0, 0, 0]
  Net net081, H 1, Row 1: [0, 0, 0, 0, 0, 0, 0, 0, 0, 0, 0, 0, 0]
  Net net081, H 1, Row 0: [0, 0, 0, 0, 0, 0, 0, 0, 0, 0, 0, 0, 0]
  Net net081, H 2, Row 17: [0, 0, 0, 0, 0, 0, 0, 0, 0, 0, 0, 0, 0]
  Net net081, H 2, Row 15: [0, 0, 0, 0, 0, 0, 0, 0, 0, 0, 0, 0, 0]
  Net net081, H 1, Row 7: [0, 0, 0, 0, 0, 0, 0, 0, 0, 0, 0, 0, 0]
  Net net081, H 1, Row 5: [0, 0, 0, 0, 0, 0, 0, 0, 0, 0, 0, 0, 0]
  Net net37: Via positions [], []
  Net net37, H 2, Row 13: [0, 0, 0, 0, 0, 0, 0, 0, 0, 0, 0, 0, 0]
  Net net37, H 2, Row 12: [0, 0, 0, 0, 0, 0, 0, 0, 0, 0, 0, 0, 0]
  Net net37, H 2, Row 11: [0, 0, 0, 0, 0, 0, 0, 0, 0, 0, 0, 0, 0]
  Net net37, H 2, Row 10: [0, 0, 0, 0, 0, 0, 0, 0, 0, 0, 0, 0, 0]
  Net net37, H 1, Row 3: [0, 0, 0, 0, 0, 0, 0, 0, 0, 0, 0, 0, 0]
  Net net37, H 1, Row 2: [0, 0, 0, 0, 0, 0, 0, 0, 0, 0, 0, 0, 0]
  Net net37, H 1, Row 1: [0, 0, 0, 0, 0, 0, 0, 0, 0, 0, 0, 0, 0]
  Net net37, H 1, Row 0: [0, 0, 0, 0, 0, 0, 0, 0, 0, 0, 0, 0, 0]
  Net net37, H 2, Row 17: [0, 0, 0, 0, 0, 0, 0, 0, 0, 0, 0, 0, 0]
  Net net37, H 2, Row 15: [0, 0, 0, 0, 0, 0, 0, 0, 0, 0, 0, 0, 0]
  Net net37, H 1, Row 7: [0, 0, 0, 0, 0, 0, 0, 0, 0, 0, 0, 0, 0]
  Net net37, H 1, Row 5: [0, 0, 0, 0, 0, 0, 0, 0, 0, 0, 0, 0, 0]
  Net net082: Via positions [], []
  Net net082, H 2, Row 13: [0, 0, 0, 0, 0, 0, 0, 0, 0, 0, 0, 0, 0]
  Net net082, H 2, Row 12: [0, 0, 0, 0, 0, 0, 0, 0, 0, 0, 0, 0, 0]
  Net net082, H 2, Row 11: [0, 0, 0, 0, 0, 0, 0, 0, 0, 0, 0, 0, 0]
  Net net082, H 2, Row 10: [0, 0, 0, 0, 0, 0, 0, 0, 0, 0, 0, 0, 0]
  Net net082, H 1, Row 3: [0, 0, 0, 0, 0, 0, 0, 0, 0, 0, 0, 0, 0]
  Net net082, H 1, Row 2: [0, 0, 0, 0, 0, 0, 0, 0, 0, 0, 0, 0, 0]
  Net net082, H 1, Row 1: [0, 0, 0, 0, 0, 0, 0, 0, 0, 0, 0, 0, 0]
  Net net082, H 1, Row 0: [0, 0, 0, 0, 0, 0, 0, 0, 0, 0, 0, 0, 0]
  Net net082, H 2, Row 17: [0, 0, 0, 0, 0, 0, 0, 0, 0, 0, 0, 0, 0]
  Net net082, H 2, Row 15: [0, 0, 0, 0, 0, 0, 0, 0, 0, 0, 0, 0, 0]
  Net net082, H 1, Row 7: [0, 0, 0, 0, 0, 0, 0, 0, 0, 0, 0, 0, 0]
  Net net082, H 1, Row 5: [0, 0, 0, 0, 0, 0, 0, 0, 0, 0, 0, 0, 0]
  Net net36: Via positions [], []
  Net net36, H 2, Row 13: [0, 0, 0, 0, 0, 0, 0, 0, 0, 0, 0, 0, 0]
  Net net36, H 2, Row 12: [0, 0, 0, 0, 0, 0, 0, 0, 0, 0, 0, 0, 0]
  Net net36, H 2, Row 11: [0, 0, 0, 0, 0, 0, 0, 0, 0, 0, 0, 0, 0]
  Net net36, H 2, Row 10: [0, 0, 0, 0, 0, 0, 0, 0, 0, 0, 0, 0, 0]
  Net net36, H 1, Row 3: [0, 0, 0, 0, 0, 0, 0, 0, 0, 0, 0, 0, 0]
  Net net36, H 1, Row 2: [0, 0, 0, 0, 0, 0, 0, 0, 0, 0, 0, 0, 0]
  Net net36, H 1, Row 1: [0, 0, 0, 0, 0, 0, 0, 0, 0, 0, 0, 0, 0]
  Net net36, H 1, Row 0: [0, 0, 0, 0, 0, 0, 0, 0, 0, 0, 0, 0, 0]
  Net net36, H 2, Row 17: [0, 0, 0, 0, 0, 0, 0, 0, 0, 0, 0, 0, 0]
  Net net36, H 2, Row 15: [0, 0, 0, 0, 0, 0, 0, 0, 0, 0, 0, 0, 0]
  Net net36, H 1, Row 7: [0, 0, 0, 0, 0, 0, 0, 0, 0, 0, 0, 0, 0]
  Net net36, H 1, Row 5: [0, 0, 0, 0, 0, 0, 0, 0, 0, 0, 0, 0, 0]
  Net SN: Via positions [], []
  Net SN, H 2, Row 13: [0, 0, 0, 0, 0, 0, 0, 0, 0, 0, 0, 0, 0]
  Net SN, H 2, Row 12: [0, 0, 0, 0, 0, 0, 0, 0, 0, 0, 0, 0, 0]
  Net SN, H 2, Row 11: [0, 0, 0, 0, 0, 0, 0, 0, 0, 0, 0, 0, 0]
  Net SN, H 2, Row 10: [0, 0, 0, 0, 0, 0, 0, 0, 0, 0, 0, 0, 0]
  Net SN, H 1, Row 3: [0, 0, 0, 0, 0, 1, 1, 0, 0, 0, 0, 0, 0]
  Net SN, H 1, Row 2: [0, 0, 0, 0, 0, 0, 0, 0, 0, 0, 0, 0, 0]
  Net SN, H 1, Row 1: [0, 0, 0, 0, 0, 0, 0, 0, 0, 0, 0, 0, 0]
  Net SN, H 1, Row 0: [0, 0, 0, 0, 0, 0, 0, 0, 0, 0, 0, 0, 0]
  Net SN, H 2, Row 17: [0, 0, 0, 0, 0, 0, 0, 0, 0, 0, 0, 0, 0]
  Net SN, H 2, Row 15: [0, 0, 0, 0, 0, 0, 0, 0, 0, 0, 0, 0, 0]
  Net SN, H 1, Row 7: [0, 0, 0, 0, 0, 0, 0, 0, 0, 0, 0, 0, 0]
  Net SN, H 1, Row 5: [0, 0, 0, 0, 0, 0, 0, 0, 0, 0, 0, 0, 0]
  Net net080: Via positions [], []
  Net net080, H 2, Row 13: [0, 0, 0, 0, 0, 0, 0, 0, 0, 0, 0, 0, 0]
  Net net080, H 2, Row 12: [0, 0, 0, 0, 0, 0, 0, 0, 0, 0, 0, 0, 0]
  Net net080, H 2, Row 11: [0, 0, 0, 0, 0, 0, 0, 0, 0, 0, 0, 0, 0]
  Net net080, H 2, Row 10: [0, 0, 0, 0, 0, 0, 0, 0, 0, 0, 0, 0, 0]
  Net net080, H 1, Row 3: [0, 0, 0, 0, 0, 0, 0, 0, 0, 0, 0, 0, 0]
  Net net080, H 1, Row 2: [0, 0, 0, 0, 0, 0, 0, 0, 0, 0, 0, 0, 0]
  Net net080, H 1, Row 1: [0, 0, 0, 0, 0, 0, 0, 0, 0, 0, 0, 0, 0]
  Net net080, H 1, Row 0: [0, 0, 0, 0, 0, 0, 0, 0, 0, 0, 0, 0, 0]
  Net net080, H 2, Row 17: [0, 0, 0, 0, 0, 0, 0, 0, 0, 0, 0, 0, 0]
  Net net080, H 2, Row 15: [0, 0, 0, 0, 0, 0, 0, 0, 0, 0, 0, 0, 0]
  Net net080, H 1, Row 7: [0, 0, 0, 0, 0, 0, 0, 0, 0, 0, 0, 0, 0]
  Net net080, H 1, Row 5: [0, 0, 0, 0, 0, 0, 0, 0, 0, 0, 0, 0, 0]
  Net net079: Via positions [], []
  Net net079, H 2, Row 13: [0, 0, 0, 0, 0, 0, 0, 0, 0, 0, 0, 0, 0]
  Net net079, H 2, Row 12: [0, 0, 0, 0, 0, 0, 0, 0, 0, 0, 0, 0, 0]
  Net net079, H 2, Row 11: [0, 0, 0, 0, 0, 0, 0, 0, 0, 0, 0, 0, 0]
  Net net079, H 2, Row 10: [0, 0, 0, 0, 0, 0, 0, 0, 0, 0, 0, 0, 0]
  Net net079, H 1, Row 3: [0, 0, 0, 0, 0, 0, 0, 0, 0, 0, 0, 0, 0]
  Net net079, H 1, Row 2: [0, 0, 0, 0, 0, 0, 0, 0, 0, 0, 0, 0, 0]
  Net net079, H 1, Row 1: [0, 0, 0, 0, 0, 0, 0, 0, 0, 0, 0, 0, 0]
  Net net079, H 1, Row 0: [0, 0, 0, 0, 0, 0, 0, 0, 0, 0, 0, 0, 0]
  Net net079, H 2, Row 17: [0, 0, 0, 0, 0, 0, 0, 0, 0, 0, 0, 0, 0]
  Net net079, H 2, Row 15: [0, 0, 0, 0, 0, 0, 0, 0, 0, 0, 0, 0, 0]
  Net net079, H 1, Row 7: [0, 0, 0, 0, 0, 0, 0, 0, 0, 0, 0, 0, 0]
  Net net079, H 1, Row 5: [0, 0, 0, 0, 0, 0, 0, 0, 0, 0, 0, 0, 0]
  Net net27: Via positions [], []
  Net net27, H 2, Row 13: [0, 0, 0, 0, 0, 0, 0, 0, 0, 0, 0, 0, 0]
  Net net27, H 2, Row 12: [0, 0, 0, 0, 0, 0, 0, 0, 0, 0, 0, 0, 0]
  Net net27, H 2, Row 11: [1, 1, 1, 1, 1, 0, 0, 0, 0, 0, 0, 0, 0]
  Net net27, H 2, Row 10: [0, 0, 0, 0, 0, 0, 0, 0, 0, 0, 0, 0, 0]
  Net net27, H 1, Row 3: [0, 0, 0, 0, 0, 0, 0, 0, 0, 0, 0, 0, 0]
  Net net27, H 1, Row 2: [0, 0, 0, 0, 0, 0, 0, 0, 0, 0, 0, 0, 0]
  Net net27, H 1, Row 1: [0, 0, 0, 0, 0, 0, 0, 0, 0, 0, 0, 0, 0]
  Net net27, H 1, Row 0: [0, 0, 0, 0, 0, 0, 0, 0, 0, 0, 0, 0, 0]
  Net net27, H 2, Row 17: [0, 0, 0, 0, 0, 0, 0, 0, 0, 0, 0, 0, 0]
  Net net27, H 2, Row 15: [0, 0, 0, 0, 0, 0, 0, 0, 0, 0, 0, 0, 0]
  Net net27, H 1, Row 7: [0, 0, 0, 0, 0, 0, 0, 0, 0, 0, 0, 0, 0]
  Net net27, H 1, Row 5: [0, 0, 0, 0, 0, 0, 0, 0, 0, 0, 0, 0, 0]
  Net CON: Via positions [], [24]
  Net CON, H 2, Row 13: [0, 0, 0, 0, 0, 0, 1, 1, 0, 0, 0, 0, 0]
  Net CON, H 2, Row 12: [0, 0, 0, 0, 0, 0, 0, 0, 0, 0, 0, 0, 0]
  Net CON, H 2, Row 11: [0, 0, 0, 0, 0, 0, 0, 0, 0, 0, 0, 0, 0]
  Net CON, H 2, Row 10: [0, 0, 0, 0, 0, 0, 0, 0, 0, 0, 0, 0, 0]
  Net CON, H 1, Row 3: [0, 0, 0, 0, 0, 0, 0, 0, 0, 0, 0, 0, 0]
  Net CON, H 1, Row 2: [0, 0, 0, 0, 0, 0, 0, 1, 1, 0, 0, 0, 0]
  Net CON, H 1, Row 1: [0, 0, 0, 0, 0, 0, 0, 0, 0, 0, 0, 0, 0]
  Net CON, H 1, Row 0: [0, 0, 0, 0, 0, 0, 0, 0, 0, 0, 0, 0, 0]
  Net CON, H 2, Row 17: [0, 0, 0, 0, 0, 0, 0, 0, 0, 0, 0, 0, 0]
  Net CON, H 2, Row 15: [0, 0, 0, 0, 0, 0, 0, 0, 0, 0, 0, 0, 0]
  Net CON, H 1, Row 7: [0, 0, 0, 0, 0, 0, 0, 0, 0, 0, 0, 0, 0]
  Net CON, H 1, Row 5: [0, 0, 0, 0, 0, 0, 0, 0, 0, 0, 0, 0, 0]
  Net CI: Via positions [], []
  Net CI, H 2, Row 13: [0, 0, 0, 0, 0, 0, 0, 0, 0, 0, 0, 0, 0]
  Net CI, H 2, Row 12: [0, 0, 0, 0, 0, 0, 0, 0, 0, 0, 0, 0, 0]
  Net CI, H 2, Row 11: [0, 0, 0, 0, 0, 0, 0, 0, 0, 0, 0, 0, 0]
  Net CI, H 2, Row 10: [0, 0, 0, 0, 0, 0, 0, 0, 0, 0, 0, 0, 0]
  Net CI, H 1, Row 3: [0, 0, 0, 0, 0, 0, 0, 0, 0, 0, 0, 0, 0]
  Net CI, H 1, Row 2: [0, 0, 0, 0, 0, 0, 0, 0, 0, 0, 0, 0, 0]
  Net CI, H 1, Row 1: [0, 0, 0, 0, 0, 0, 0, 0, 0, 0, 0, 0, 0]
  Net CI, H 1, Row 0: [0, 0, 0, 0, 0, 1, 1, 1, 1, 1, 1, 1, 0]
  Net CI, H 2, Row 17: [0, 0, 0, 0, 0, 0, 0, 0, 0, 0, 0, 0, 0]
  Net CI, H 2, Row 15: [0, 0, 0, 0, 0, 0, 0, 0, 0, 0, 0, 0, 0]
  Net CI, H 1, Row 7: [0, 0, 0, 0, 0, 0, 0, 0, 0, 0, 0, 0, 0]
  Net CI, H 1, Row 5: [0, 0, 0, 0, 0, 0, 0, 0, 0, 0, 0, 0, 0]
  Net eol, Row 13: [0, 0, 0, 0, 0, 1, 0, 0, 1, 0, 0, 0, 0]
  Net eol, Row 12: [0, 0, 1, 0, 0, 0, 0, 0, 0, 0, 1, 0, 0]
  Net eol, Row 11: [0, 0, 0, 0, 0, 1, 0, 0, 0, 0, 0, 0, 0]
  Net eol, Row 10: [1, 0, 0, 0, 0, 0, 0, 0, 0, 0, 0, 0, 1]
  Net eol, Row 17: [0, 0, 0, 0, 0, 0, 0, 0, 0, 0, 0, 0, 0]
  Net eol, Row 15: [0, 0, 0, 0, 0, 0, 0, 0, 0, 0, 0, 0, 0]
  Net eol, Row 3: [0, 0, 0, 0, 1, 0, 0, 1, 0, 0, 0, 0, 0]
  Net eol, Row 2: [0, 0, 0, 0, 0, 0, 1, 0, 0, 1, 0, 0, 0]
  Net eol, Row 1: [0, 0, 0, 0, 0, 0, 0, 1, 0, 0, 0, 0, 0]
  Net eol, Row 0: [0, 0, 0, 0, 1, 0, 0, 0, 0, 0, 0, 0, 1]
  Net eol, Row 7: [0, 0, 0, 0, 0, 0, 0, 0, 0, 0, 0, 0, 0]
  Net eol, Row 5: [0, 0, 0, 0, 0, 0, 0, 0, 0, 0, 0, 0, 0]

Optimal total cost: 377.0
Optimal Via positions:
  Net net027: Via positions [], []
  Net A: Via positions [], []
  Net B: Via positions [], []
  Net net25: Via positions [], []
  Net net067: Via positions [], [32]
  Net net081: Via positions [], []
  Net net37: Via positions [], []
  Net net082: Via positions [], []
  Net net36: Via positions [], []
  Net SN: Via positions [], []
  Net net080: Via positions [], []
  Net net079: Via positions [], []
  Net net27: Via positions [], []
  Net CON: Via positions [], [24]
  Net CI: Via positions [], []
2 height Column Track Costs: [3, 3, 4, 4, 4, 4, 3, 3, 3, 3, 3, 2, 2]
1 height Column Track Costs: [0, 0, 0, 0, 2, 2, 3, 4, 4, 4, 3, 3, 3]
Runtime :  578.127
